time	nose_x	nose_y	r_shoulder_x	r_shoulder_y	l_shoulder_x	l_shooulder_t	cursor_x	cursor_y	block	repetition	target	trial	state	comeback	is_blind	at_home	count_mouse	score
0.812099999981001	0.0	0.0	0.0	0.0	0.0	0.0	683.0	384.0	1	1	0	1	0	1	0	1	0	0
35.03059999999823	0.0	0.0	0.0	0.0	0.0	0.0	13.910506014390789	7.820840863142113	1	1	0	1	0	1	0	1	0	0
69.59049999999115	0.0	0.0	0.0	0.0	0.0	0.0	184.65521862985187	103.81786816085373	1	1	0	1	0	1	0	1	0	0
103.32110000000102	0.0	0.0	0.0	0.0	0.0	0.0	547.077411295084	307.5808578877193	1	1	0	1	0	1	0	1	0	0
137.36579999999958	0.0	0.0	0.0	0.0	0.0	0.0	952.3797096788729	535.4521354563501	1	1	0	1	0	1	0	1	0	0
171.32060000000638	0.0	0.0	0.0	0.0	0.0	0.0	1265.1436929129068	711.2960147563057	1	1	0	1	0	1	0	1	0	0
205.3463000000047	0.0	0.0	0.0	0.0	0.0	0.0	1434.1579260930375	806.3201224300565	1	1	0	1	0	1	0	1	0	0
239.40929999999935	0.0	0.0	0.0	0.0	0.0	0.0	1479.7429434950163	831.9491805301461	1	1	0	1	0	1	0	1	0	0
274.6618000000017	0.0	0.0	0.0	0.0	0.0	0.0	1438.4331330414652	808.7237526909619	1	1	0	1	0	1	0	1	0	0
308.85800000000745	0.0	0.0	0.0	0.0	0.0	0.0	1406.1919498166558	790.5969381106879	1	1	0	1	0	1	0	1	0	0
342.86389999999665	0.0	0.0	0.0	0.0	0.0	0.0	1367.4310282169786	768.8045605202387	1	1	0	1	0	1	0	1	0	0
376.86429999998654	0.0	0.0	0.0	0.0	0.0	0.0	1352.422188271589	760.3662083401068	1	1	0	1	0	1	0	1	0	0
411.18189999999595	0.5065712332725525	0.5777530670166016	0.19267311692237854	0.9332177639007568	0.8168805837631226	0.966396689414978	1344.618369187548	755.9192709312117	1	1	0	1	0	1	0	1	0	0
444.3932999999961	0.5065712332725525	0.5777530670166016	0.19267311692237854	0.9332177639007568	0.8168805837631226	0.966396689414978	1298.5564783142577	727.250569529577	1	1	0	1	0	1	0	1	0	0
478.33890000000247	0.5065712332725525	0.5777530670166016	0.19267311692237854	0.9332177639007568	0.8168805837631226	0.966396689414978	1205.079075317763	669.4704161529838	1	1	0	1	0	1	0	1	0	0
512.3490999999922	0.500246524810791	0.58152174949646	0.18532025814056396	0.9316502213478088	0.8369078636169434	0.9627916216850281	1003.8876168563248	545.1679965682333	1	1	0	1	0	1	0	1	0	0
546.3408000000054	0.5025835633277893	0.5870416164398193	0.18352481722831726	0.9272730350494385	0.8316736221313477	0.9536978006362915	805.0662552281119	421.54496200043326	1	1	0	1	0	1	0	1	0	0
580.3331999999937	0.5025835633277893	0.5870416164398193	0.18352481722831726	0.9272730350494385	0.8316736221313477	0.9536978006362915	666.2468204014011	334.23260712973666	1	1	0	1	0	1	0	1	0	0
614.4435999999987	0.5085073113441467	0.57744300365448	0.17449423670768738	0.9358864426612854	0.8290024995803833	0.9683177471160889	600.3062981437283	291.82492382524424	1	1	0	1	0	1	0	1	0	0
649.3739999999816	0.5085073113441467	0.57744300365448	0.17449423670768738	0.9358864426612854	0.8290024995803833	0.9683177471160889	590.1008513269626	284.72863211721676	1	1	0	1	0	1	0	1	0	0
683.348800000007	0.5081247091293335	0.5772546529769897	0.18247944116592407	0.927140474319458	0.8354932069778442	0.96701580286026	608.5480102597012	296.9659358781504	1	1	0	1	0	1	0	1	0	0
717.3402999999817	0.5081247091293335	0.5772546529769897	0.18247944116592407	0.927140474319458	0.8354932069778442	0.96701580286026	632.3750755481432	314.07889310525957	1	1	0	1	0	1	0	1	0	0
751.3874999999825	0.5102607011795044	0.5741846561431885	0.17520740628242493	0.9384453296661377	0.8345271944999695	0.9591400027275085	648.4797109585779	327.68114696799256	1	1	0	1	0	1	0	1	0	0
786.3304999999818	0.5102607011795044	0.5741846561431885	0.17520740628242493	0.9384453296661377	0.8345271944999695	0.9591400027275085	654.1125905899469	334.8957370044352	1	1	0	1	0	1	0	1	0	0
820.542300000001	0.5016030073165894	0.5660512447357178	0.17968428134918213	0.930208146572113	0.8323163986206055	0.9563049674034119	652.308693478853	336.65761100346094	1	1	0	1	0	1	0	1	0	0
854.3457000000053	0.5016030073165894	0.5660512447357178	0.17968428134918213	0.930208146572113	0.8323163986206055	0.9563049674034119	648.7031866125731	335.677700913615	1	1	0	1	0	1	0	1	0	0
888.2694999999949	0.5011847615242004	0.5771903991699219	0.17846819758415222	0.9298353791236877	0.8406506776809692	0.9708990454673767	647.9971388230745	334.4675668243481	1	1	0	1	0	1	0	1	0	0
923.1530999999959	0.5011847615242004	0.5771903991699219	0.17846819758415222	0.9298353791236877	0.8406506776809692	0.9708990454673767	649.8668769128668	332.86813598920924	1	1	0	1	0	1	0	1	0	0
957.2828999999911	0.5186910033226013	0.5547608137130737	0.1778959333896637	0.9255852103233337	0.8326288461685181	0.9689816236495972	652.1841630792946	330.82879949356334	1	1	0	1	0	1	0	1	0	0
991.6921999999904	0.5186910033226013	0.5547608137130737	0.1778959333896637	0.9255852103233337	0.8326288461685181	0.9689816236495972	652.1026969445129	332.42370711624534	1	1	0	1	0	1	0	1	0	0
1025.697199999995	0.5229644775390625	0.5571362972259521	0.17617201805114746	0.9278760552406311	0.8399964570999146	0.9714208841323853	648.5476129504528	339.1809116053496	1	1	0	1	0	1	0	1	0	0
1060.3957999999984	0.5229644775390625	0.5571362972259521	0.17617201805114746	0.9278760552406311	0.8399964570999146	0.9714208841323853	642.2902206019326	347.92693266584376	1	1	0	1	0	1	0	1	0	0
1094.100299999991	0.5280715227127075	0.5683032274246216	0.18413060903549194	0.9354587197303772	0.8412638902664185	0.9710103273391724	634.9916516471872	355.0367675315919	1	1	0	1	0	1	0	1	0	0
1128.1052999999956	0.5280715227127075	0.5683032274246216	0.18413060903549194	0.9354587197303772	0.8412638902664185	0.9710103273391724	626.6235090084256	358.01330731480266	1	1	0	1	0	1	0	1	0	0
1162.2307999999903	0.5249886512756348	0.5647050142288208	0.1802680790424347	0.9251840710639954	0.8364927172660828	0.9698059558868408	618.9428867334116	357.3488802927677	1	1	0	1	0	1	0	1	0	0
1196.2704000000085	0.5249886512756348	0.5647050142288208	0.1802680790424347	0.9251840710639954	0.8364927172660828	0.9698059558868408	615.7907474923563	356.00180890772253	1	1	0	1	0	1	0	1	0	0
1230.217799999984	0.5227664709091187	0.5607326030731201	0.18875828385353088	0.9150475263595581	0.8416927456855774	0.9690983891487122	614.5549406955163	354.0796062433262	1	1	0	1	0	1	0	1	0	0
1263.9077999999863	0.5227664709091187	0.5607326030731201	0.18875828385353088	0.9150475263595581	0.8416927456855774	0.9690983891487122	616.1458599293053	353.782433373485	1	1	0	1	0	1	0	1	0	0
1298.3042999999889	0.5182921290397644	0.5544815063476562	0.17964524030685425	0.9207506775856018	0.8393574953079224	0.9646318554878235	619.0982248453289	355.40351145055286	1	1	0	1	0	1	0	1	0	0
1333.2985000000044	0.5182921290397644	0.5544815063476562	0.17964524030685425	0.9207506775856018	0.8393574953079224	0.9646318554878235	620.4618917959217	356.19113841470477	1	1	0	1	0	1	0	1	0	0
1367.304999999993	0.5152273178100586	0.5650714635848999	0.1850384771823883	0.9102115631103516	0.8293999433517456	0.9465480446815491	623.7001834216348	357.8381749792609	1	1	0	1	0	1	0	1	0	0
1401.3077000000048	0.5152273178100586	0.5650714635848999	0.1850384771823883	0.9102115631103516	0.8293999433517456	0.9465480446815491	628.8005993137231	359.32209789667365	1	1	0	1	0	1	0	1	0	0
1435.3055999999924	0.5088406801223755	0.5686116814613342	0.18156158924102783	0.9259241819381714	0.8320871591567993	0.9579751491546631	632.7751111843261	358.3990603239101	1	1	0	1	0	1	0	1	0	0
1469.3163000000059	0.5088406801223755	0.5686116814613342	0.18156158924102783	0.9259241819381714	0.8320871591567993	0.9579751491546631	636.1683810208045	354.55166882202076	1	1	0	1	0	1	0	1	0	0
1503.3032999999996	0.5099563002586365	0.5643017292022705	0.17900022864341736	0.9195781946182251	0.8300407528877258	0.956920862197876	639.6589258325168	348.99652541490946	1	1	0	1	0	1	0	1	0	0
1537.2961999999825	0.5099563002586365	0.5643017292022705	0.17900022864341736	0.9195781946182251	0.8300407528877258	0.956920862197876	642.9733139985301	344.60034711578214	1	1	0	1	0	1	0	1	0	0
1571.3459999999905	0.4830424189567566	0.5872155427932739	0.18601146340370178	0.9149254560470581	0.8324986696243286	0.9471169710159302	646.4947997517756	341.40738235058427	1	1	0	1	0	1	0	1	0	0
1605.3293999999878	0.46168845891952515	0.5803076028823853	0.19082850217819214	0.9070193767547607	0.8247796297073364	0.9530549645423889	653.2021742604838	334.8919977734183	1	1	0	1	0	1	0	1	0	0
1640.8261000000057	0.46168845891952515	0.5803076028823853	0.19082850217819214	0.9070193767547607	0.8247796297073364	0.9530549645423889	665.0589490341765	324.91818361856355	1	1	0	1	0	1	0	1	0	0
1675.3404999999912	0.46168845891952515	0.5803076028823853	0.19082850217819214	0.9070193767547607	0.8247796297073364	0.9530549645423889	676.3484720243209	317.72407391384047	1	1	0	1	0	1	0	1	0	0
1710.309500000003	0.4506264328956604	0.5728784799575806	0.17746692895889282	0.9158961772918701	0.8117680549621582	0.9601300954818726	694.9578083664941	308.41342262507897	1	1	0	1	0	1	0	1	0	0
1744.361899999989	0.4220468997955322	0.5646893978118896	0.17684143781661987	0.913116991519928	0.813895046710968	0.9566000699996948	714.1578368417796	301.7017687613644	1	1	0	1	0	1	0	1	0	0
1779.305800000002	0.4220468997955322	0.5646893978118896	0.17684143781661987	0.913116991519928	0.813895046710968	0.9566000699996948	735.5876622999872	296.8201596476172	1	1	0	1	0	1	0	1	0	0
1813.3894999999902	0.4220468997955322	0.5646893978118896	0.17684143781661987	0.913116991519928	0.813895046710968	0.9566000699996948	760.1621248981655	292.68229885058565	1	1	0	1	0	1	0	1	0	0
1847.5369000000064	0.41379791498184204	0.566996693611145	0.16456574201583862	0.921458899974823	0.8126981854438782	0.960144579410553	789.8435811225528	287.6962642711866	1	1	0	1	0	1	0	1	0	0
1881.8717999999935	0.39708444476127625	0.5776058435440063	0.16473600268363953	0.9091218709945679	0.8001370429992676	0.9519150257110596	806.9522564175916	283.13145065417234	1	1	0	1	0	1	0	1	0	0
1916.8261000000057	0.39708444476127625	0.5776058435440063	0.16473600268363953	0.9091218709945679	0.8001370429992676	0.9519150257110596	821.0222782568577	276.4694947636829	1	1	0	1	0	1	0	1	0	0
1950.9021999999823	0.39011165499687195	0.5854001641273499	0.1623838245868683	0.9089206457138062	0.7954061627388	0.949501097202301	833.2280139752656	267.9967185234227	1	1	0	1	0	1	0	1	0	0
1985.87049999999	0.39011165499687195	0.5854001641273499	0.1623838245868683	0.9089206457138062	0.7954061627388	0.949501097202301	840.2761623861816	261.9064943140421	1	1	0	1	0	1	0	1	0	0
2019.869399999996	0.3760455846786499	0.5795735120773315	0.15697896480560303	0.9117165803909302	0.7895198464393616	0.9392743706703186	849.1160763895002	252.97832044262307	1	1	0	1	0	1	0	1	0	0
2053.8533999999927	0.3760455846786499	0.5795735120773315	0.15697896480560303	0.9117165803909302	0.7895198464393616	0.9392743706703186	857.240967915108	245.5661520210983	1	1	0	1	0	1	0	1	0	0
2088.3022000000055	0.3691408932209015	0.5783666968345642	0.13863128423690796	0.9240884184837341	0.7823247909545898	0.93308424949646	867.14373739593	240.09732642385566	1	1	0	1	0	1	0	1	0	0
2122.3187000000034	0.3691408932209015	0.5783666968345642	0.13863128423690796	0.9240884184837341	0.7823247909545898	0.93308424949646	879.288687388505	235.77424403555202	1	1	0	1	0	1	0	1	0	0
2156.1524999999965	0.3590380847454071	0.5803159475326538	0.14708063006401062	0.9189140200614929	0.7983080744743347	0.9452419281005859	892.2218535783144	231.9092407775104	1	1	0	1	0	1	0	1	0	0
2190.1288999999815	0.3590380847454071	0.5803159475326538	0.14708063006401062	0.9189140200614929	0.7983080744743347	0.9452419281005859	900.1933729666353	229.55383243831074	1	1	0	1	0	1	0	1	0	0
2224.236799999984	0.354506254196167	0.5804517269134521	0.14913982152938843	0.9203855991363525	0.7922710180282593	0.9376537799835205	909.712832153774	226.5969931193507	1	1	0	1	0	1	0	1	0	0
2259.300199999998	0.354506254196167	0.5804517269134521	0.14913982152938843	0.9203855991363525	0.7922710180282593	0.9376537799835205	915.9593966639156	224.35806679289075	1	1	0	1	0	1	0	1	0	0
2294.2179999999935	0.35042306780815125	0.5795590877532959	0.14686906337738037	0.9182250499725342	0.7881971597671509	0.9359925389289856	919.9363091884783	222.524698685065	1	1	0	1	0	1	0	1	0	0
2328.2966000000015	0.35042306780815125	0.5795590877532959	0.14686906337738037	0.9182250499725342	0.7881971597671509	0.9359925389289856	922.8982771415338	220.99503730093457	1	1	0	1	0	1	0	1	0	0
2362.2217999999993	0.3562754988670349	0.591633677482605	0.15876850485801697	0.909966230392456	0.7761813402175903	0.9203278422355652	925.5300810415777	219.44707403590184	1	1	0	1	0	1	0	1	0	0
2396.3488999999827	0.3562754988670349	0.591633677482605	0.15876850485801697	0.909966230392456	0.7761813402175903	0.9203278422355652	925.6025613060398	217.25941840374225	1	1	0	1	0	1	0	1	0	0
2430.1398000000045	0.36433035135269165	0.5887771844863892	0.15165600180625916	0.9119716882705688	0.7944129705429077	0.9459500908851624	922.6478660708458	215.05752010374954	1	1	0	1	0	1	0	1	0	0
2464.132500000007	0.36433035135269165	0.5887771844863892	0.15165600180625916	0.9119716882705688	0.7944129705429077	0.9459500908851624	916.946572911165	214.6012992694351	1	1	0	1	0	1	0	1	0	0
2498.0761999999813	0.37748411297798157	0.5741552710533142	0.16506776213645935	0.9089854955673218	0.8050504922866821	0.9435542225837708	910.1913948077859	216.23575952933373	1	1	0	1	0	1	0	1	0	0
2532.1079000000027	0.40795183181762695	0.5717003345489502	0.16627779603004456	0.902715802192688	0.7982203960418701	0.9473077058792114	901.7591559100065	221.71726642862467	1	1	0	1	0	1	0	1	0	0
2566.1772000000055	0.40795183181762695	0.5717003345489502	0.16627779603004456	0.902715802192688	0.7982203960418701	0.9473077058792114	893.8202667482467	228.17768299928102	1	1	0	1	0	1	0	1	0	0
2600.180800000002	0.40795183181762695	0.5717003345489502	0.16627779603004456	0.902715802192688	0.7982203960418701	0.9473077058792114	876.315913539811	241.46581288497757	1	1	0	1	0	1	0	1	0	0
2634.3503999999957	0.4373224377632141	0.5872225165367126	0.17834103107452393	0.8974375128746033	0.8115962743759155	0.9545714259147644	854.0861005395027	255.5749911109101	1	1	0	1	0	1	0	1	0	0
2670.1869000000006	0.4373224377632141	0.5872225165367126	0.17834103107452393	0.8974375128746033	0.8115962743759155	0.9545714259147644	825.9185229446571	267.5763753685129	1	1	0	1	0	1	0	1	0	0
2704.1793999999936	0.4747515618801117	0.5599676370620728	0.17631053924560547	0.9111807346343994	0.8244344592094421	0.9654445648193359	796.7101647404122	276.2159536976494	1	1	0	1	0	1	0	1	0	0
2738.4526999999944	0.5018133521080017	0.5362420678138733	0.19179877638816833	0.90360426902771	0.820285439491272	0.9437052011489868	768.0900994404506	286.40513215150094	1	1	0	1	0	1	0	1	0	0
2772.275800000003	0.5018133521080017	0.5362420678138733	0.19179877638816833	0.90360426902771	0.820285439491272	0.9437052011489868	738.6148895864095	303.5938118744307	1	1	0	1	0	1	0	1	0	0
2806.224499999982	0.5292835235595703	0.5529545545578003	0.18841999769210815	0.911860466003418	0.8218560218811035	0.9597334265708923	709.0231314110997	327.71548332666043	1	1	0	1	0	1	0	1	0	0
2840.088699999993	0.5292835235595703	0.5529545545578003	0.18841999769210815	0.911860466003418	0.8218560218811035	0.9597334265708923	681.3515077827802	351.2246372206286	1	1	0	1	0	1	0	1	0	0
2874.215499999991	0.5292835235595703	0.5529545545578003	0.18841999769210815	0.911860466003418	0.8218560218811035	0.9597334265708923	655.092094248306	367.66177123569787	1	1	0	1	0	1	0	1	0	0
2908.097699999984	0.5459393858909607	0.5523809790611267	0.18985450267791748	0.9151570200920105	0.8198016881942749	0.9593313932418823	639.9580390398787	373.84418590132924	1	1	0	1	0	1	0	1	0	0
2942.0764999999956	0.5459393858909607	0.5523809790611267	0.18985450267791748	0.9151570200920105	0.8198016881942749	0.9593313932418823	620.6526667186511	378.1620901453139	1	1	0	1	0	1	0	1	0	0
2976.082699999999	0.5712602734565735	0.5568530559539795	0.20584920048713684	0.9080759286880493	0.825579047203064	0.950035810470581	603.6574640473323	380.0649630654034	1	1	0	1	0	1	0	1	0	0
3010.688599999994	0.593661904335022	0.5515332818031311	0.2112594097852707	0.9113558530807495	0.8319797515869141	0.9406856298446655	583.6224634419522	383.55231299626064	1	1	0	1	0	1	0	1	0	0
3045.083500000008	0.593661904335022	0.5515332818031311	0.2112594097852707	0.9113558530807495	0.8319797515869141	0.9406856298446655	559.4957206730917	390.3743273126476	1	1	0	1	0	1	0	1	0	0
3079.0795999999973	0.6376723647117615	0.5710169076919556	0.22018484771251678	0.9191830158233643	0.8469604253768921	0.9521241784095764	532.8439776769239	400.5136144601891	1	1	0	1	0	1	0	1	0	0
3113.0816999999806	0.6376723647117615	0.5710169076919556	0.22018484771251678	0.9191830158233643	0.8469604253768921	0.9521241784095764	503.6021860984589	411.4571280940073	1	1	0	1	0	1	0	1	0	0
3147.2142999999924	0.6376723647117615	0.5710169076919556	0.22018484771251678	0.9191830158233643	0.8469604253768921	0.9521241784095764	468.57684611481216	421.23900824949294	1	1	0	1	0	1	0	1	0	0
3181.09209999998	0.6537595987319946	0.5611963272094727	0.2442934215068817	0.8973302841186523	0.8517636060714722	0.9467030763626099	434.1921074929492	429.1457198524124	1	1	0	1	0	1	0	1	0	0
3215.1824999999953	0.6760903596878052	0.5498785376548767	0.25120025873184204	0.9017374515533447	0.8605939745903015	0.9675652980804443	403.62184473018954	438.4165066077726	1	1	0	1	0	1	0	1	0	0
3249.0803000000014	0.6760903596878052	0.5498785376548767	0.25120025873184204	0.9017374515533447	0.8605939745903015	0.9675652980804443	376.98814810065846	451.1134888203677	1	1	0	1	0	1	0	1	0	0
3284.169200000004	0.7049910426139832	0.5714860558509827	0.2472398281097412	0.9081226587295532	0.8654882311820984	0.9727842807769775	354.76636541522805	465.3824197203305	1	1	0	1	0	1	0	1	0	0
3317.5989999999874	0.7049910426139832	0.5714860558509827	0.2472398281097412	0.9081226587295532	0.8654882311820984	0.9727842807769775	340.68898711389124	473.51878719129536	1	1	0	1	0	1	0	1	0	0
3352.568100000004	0.7124488353729248	0.56871497631073	0.2534182667732239	0.8977679014205933	0.8633373379707336	0.9646604061126709	318.5778859417488	481.50069547226894	1	1	0	1	0	1	0	1	0	0
3386.5726999999897	0.7124488353729248	0.56871497631073	0.2534182667732239	0.8977679014205933	0.8633373379707336	0.9646604061126709	291.33025195259677	486.0422899188323	1	1	0	1	0	1	0	1	0	0
3420.5715999999957	0.7161818146705627	0.568406343460083	0.24791257083415985	0.9111253023147583	0.8653790354728699	0.9645564556121826	275.7323564892999	487.88435905959756	1	1	0	1	0	1	0	1	0	0
3454.5712999999814	0.7161818146705627	0.568406343460083	0.24791257083415985	0.9111253023147583	0.8653790354728699	0.9645564556121826	265.6925540073413	489.07995094803215	1	1	0	1	0	1	0	1	0	0
3489.1723999999813	0.6984885334968567	0.5746437311172485	0.2642238140106201	0.893265962600708	0.8610674142837524	0.9542248249053955	261.31910141699456	489.4472764072539	1	1	0	1	0	1	0	1	0	0
3524.102899999998	0.6984885334968567	0.5746437311172485	0.2642238140106201	0.893265962600708	0.8610674142837524	0.9542248249053955	262.95962066680477	488.1776969708011	1	1	0	1	0	1	0	1	0	0
3558.154899999994	0.704007089138031	0.5725724697113037	0.26234328746795654	0.8942601680755615	0.8589376211166382	0.9588552117347717	268.2242426331394	485.7823806458208	1	1	0	1	0	1	0	1	0	0
3592.217399999994	0.704007089138031	0.5725724697113037	0.26234328746795654	0.8942601680755615	0.8589376211166382	0.9588552117347717	273.3261216865323	483.779900786541	1	1	0	1	0	1	0	1	0	0
3627.2025999999896	0.6753840446472168	0.5822734832763672	0.2536519169807434	0.9031698703765869	0.8625580072402954	0.9491778612136841	276.49655852651483	482.74169783384525	1	1	0	1	0	1	0	1	0	0
3661.208400000003	0.6753840446472168	0.5822734832763672	0.2536519169807434	0.9031698703765869	0.8625580072402954	0.9491778612136841	282.098419936695	479.4667168531637	1	1	0	1	0	1	0	1	0	0
3695.194199999998	0.6630121469497681	0.5723551511764526	0.24479472637176514	0.9108625650405884	0.8652213215827942	0.9555037021636963	292.4882206414768	472.62268359953896	1	1	0	1	0	1	0	1	0	0
3729.318499999994	0.6630121469497681	0.5723551511764526	0.24479472637176514	0.9108625650405884	0.8652213215827942	0.9555037021636963	307.2729118274382	464.607211154461	1	1	0	1	0	1	0	1	0	0
3796.5963999999803	0.6451356410980225	0.5482545495033264	0.2344573736190796	0.9135885238647461	0.8587304353713989	0.9524672627449036	347.3751664091153	455.6841593492162	1	1	0	1	0	1	0	1	0	0
3830.6993000000075	0.6465574502944946	0.5576976537704468	0.23508696258068085	0.9142017364501953	0.8477367162704468	0.9480356574058533	362.3775882335049	455.9014250139004	1	1	0	1	0	1	0	1	0	0
3864.7025999999896	0.6326767802238464	0.564745306968689	0.2341788113117218	0.9133168458938599	0.8467317819595337	0.9495202898979187	385.08423312663894	456.96377672986256	1	1	0	1	0	1	0	1	0	0
3898.832699999999	0.6326767802238464	0.564745306968689	0.2341788113117218	0.9133168458938599	0.8467317819595337	0.9495202898979187	391.8242184665996	456.3423387434593	1	1	0	1	0	1	0	1	0	0
3932.8619999999937	0.6326767802238464	0.564745306968689	0.2341788113117218	0.9133168458938599	0.8467317819595337	0.9495202898979187	398.86420567493053	452.54875556396155	1	1	0	1	0	1	0	1	0	0
3967.1398000000045	0.6222390532493591	0.5727916955947876	0.2191249430179596	0.9241213202476501	0.853685736656189	0.9616614580154419	403.9793727456222	446.48530520955285	1	1	0	1	0	1	0	1	0	0
4001.1037999999826	0.6222390532493591	0.5727916955947876	0.2191249430179596	0.9241213202476501	0.853685736656189	0.9616614580154419	409.7574075090974	438.5294682886699	1	1	0	1	0	1	0	1	0	0
4035.2747999999847	0.6111528873443604	0.6085923910140991	0.21423456072807312	0.9376791715621948	0.8499407768249512	0.9747366309165955	417.0278455756842	429.2082154031426	1	1	0	1	0	1	0	1	0	0
4069.3133999999845	0.5816946029663086	0.6296846866607666	0.21210205554962158	0.9424009323120117	0.864895224571228	0.9828270673751831	424.7939572103156	415.8611975704449	1	1	0	1	0	1	0	1	0	0
4104.257599999983	0.5816946029663086	0.6296846866607666	0.21210205554962158	0.9424009323120117	0.864895224571228	0.9828270673751831	434.18056317332616	395.96667820960386	1	1	0	1	0	1	0	1	0	0
4138.322199999995	0.5821935534477234	0.668946385383606	0.23045067489147186	0.925630509853363	0.8527001142501831	0.9635820388793945	446.90640505303725	371.39494694578684	1	1	0	1	0	1	0	1	0	0
4173.266100000008	0.5821935534477234	0.668946385383606	0.23045067489147186	0.925630509853363	0.8527001142501831	0.9635820388793945	457.97245440893295	346.8286003116157	1	1	0	1	0	1	0	1	0	0
4207.353199999983	0.586356520652771	0.6930221319198608	0.21522602438926697	0.9410350918769836	0.8674613237380981	0.981801450252533	461.75379990752043	324.5620038551935	1	1	0	1	0	1	0	1	0	0
4241.890199999994	0.586356520652771	0.6930221319198608	0.21522602438926697	0.9410350918769836	0.8674613237380981	0.981801450252533	458.27633019096817	306.30391122433446	1	1	0	1	0	1	0	1	0	0
4276.0663999999815	0.5828397274017334	0.7142290472984314	0.21998992562294006	0.9429197907447815	0.8640264272689819	0.9703783392906189	450.1455971629508	291.41008424536057	1	1	0	1	0	1	0	1	0	0
4310.040699999983	0.5828397274017334	0.7142290472984314	0.21998992562294006	0.9429197907447815	0.8640264272689819	0.9703783392906189	444.03470519842267	283.1330272732997	1	1	0	1	0	1	0	1	0	0
4344.247199999983	0.5828397274017334	0.7142290472984314	0.21998992562294006	0.9429197907447815	0.8640264272689819	0.9703783392906189	435.67212893433185	271.65331551250904	1	1	0	1	0	1	0	1	0	0
4379.134099999996	0.5803956389427185	0.7321041822433472	0.22755762934684753	0.9343673586845398	0.8734319806098938	0.9725528955459595	429.41847818913794	261.38919133150995	1	1	0	1	0	1	0	1	0	0
4413.036499999987	0.5832754969596863	0.7332031726837158	0.20961955189704895	0.9462676644325256	0.8637429475784302	0.9739853143692017	424.67955206723013	252.01437553628236	1	1	0	1	0	1	0	1	0	0
4447.057199999981	0.5832754969596863	0.7332031726837158	0.20961955189704895	0.9462676644325256	0.8637429475784302	0.9739853143692017	421.6308546261544	243.88181965832229	1	1	0	1	0	1	0	1	0	0
4480.893799999991	0.584513247013092	0.7468849420547485	0.21436862647533417	0.9336283802986145	0.8575032353401184	0.9635593891143799	420.8621959682458	237.36126893927536	1	1	0	1	0	1	0	1	0	0
4514.913199999981	0.584513247013092	0.7468849420547485	0.21436862647533417	0.9336283802986145	0.8575032353401184	0.9635593891143799	421.065677419947	232.3074949594278	1	1	0	1	0	1	0	1	0	0
4549.0461999999825	0.5728989243507385	0.75104820728302	0.2118227481842041	0.9376495480537415	0.8628091812133789	0.9651428461074829	420.4264351931206	227.87200902497207	1	1	0	1	0	1	0	1	0	0
4583.032299999992	0.5728989243507385	0.75104820728302	0.2118227481842041	0.9376495480537415	0.8628091812133789	0.9651428461074829	420.1100537582337	223.48048110057198	1	1	0	1	0	1	0	1	0	0
4617.046700000006	0.5728989243507385	0.75104820728302	0.2118227481842041	0.9376495480537415	0.8628091812133789	0.9651428461074829	422.25424555220593	218.50422351183286	1	1	0	1	0	1	0	1	0	0
4651.03389999998	0.5861253142356873	0.7376881837844849	0.21324333548545837	0.9371041059494019	0.8635961413383484	0.9648717045783997	426.01476180620966	213.92753221721935	1	1	0	1	0	1	0	1	0	0
4685.023699999991	0.5861253142356873	0.7376881837844849	0.21324333548545837	0.9371041059494019	0.8635961413383484	0.9648717045783997	428.4502744699868	212.29839104504498	1	1	0	1	0	1	0	1	0	0
4719.035499999998	0.5789063572883606	0.7456924915313721	0.21763291954994202	0.9306393265724182	0.8570576906204224	0.9578654170036316	427.0733842366033	215.6205494670158	1	1	0	1	0	1	0	1	0	0
4753.01979999998	0.5789063572883606	0.7456924915313721	0.21763291954994202	0.9306393265724182	0.8570576906204224	0.9578654170036316	423.9613960031876	220.4766848256331	1	1	0	1	0	1	0	1	0	0
4787.070500000002	0.567618727684021	0.7469239830970764	0.22091789543628693	0.9267725348472595	0.8620546460151672	0.9656714200973511	421.687198328072	223.46127915279996	1	1	0	1	0	1	0	1	0	0
4822.102099999989	0.567618727684021	0.7469239830970764	0.22091789543628693	0.9267725348472595	0.8620546460151672	0.9656714200973511	422.1243203639541	223.568531271033	1	1	0	1	0	1	0	1	0	0
4856.068299999984	0.5748802423477173	0.738900899887085	0.20920924842357635	0.9377911686897278	0.8590148687362671	0.9672287702560425	424.5825450222268	222.147076384572	1	1	0	1	0	1	0	1	0	0
4890.041100000002	0.5748802423477173	0.738900899887085	0.20920924842357635	0.9377911686897278	0.8590148687362671	0.9672287702560425	429.98215052622083	219.47878777317442	1	1	0	1	0	1	0	1	0	0
4924.196299999981	0.5884453654289246	0.745806097984314	0.20686733722686768	0.9441019296646118	0.8632639646530151	0.9676135778427124	434.66733683075154	218.1713374836561	1	1	0	1	0	1	0	1	0	0
4958.312000000005	0.5884453654289246	0.745806097984314	0.20686733722686768	0.9441019296646118	0.8632639646530151	0.9676135778427124	434.42787419956534	218.62872028149945	1	1	0	1	0	1	0	1	0	0
4991.963699999993	0.5804135799407959	0.7444819211959839	0.2073582410812378	0.9413813352584839	0.865487277507782	0.9685567021369934	428.967748310951	220.03433874534193	1	1	0	1	0	1	0	1	0	0
5025.932700000005	0.5804135799407959	0.7444819211959839	0.2073582410812378	0.9413813352584839	0.865487277507782	0.9685567021369934	423.3120341150695	221.13087783322655	1	1	0	1	0	1	0	1	0	0
5060.065499999997	0.5676470398902893	0.7641340494155884	0.2155035436153412	0.9341371655464172	0.8672286868095398	0.9731851816177368	420.4865622252723	221.18762152040813	1	1	0	1	0	1	0	1	0	0
5094.053799999994	0.5676470398902893	0.7641340494155884	0.2155035436153412	0.9341371655464172	0.8672286868095398	0.9731851816177368	421.56956039231056	217.81793326785626	1	1	0	1	0	1	0	1	0	0
5128.171499999997	0.5722476243972778	0.7789593935012817	0.21877774596214294	0.9388638138771057	0.8772136569023132	0.9764813184738159	425.0068583546606	210.43164189384828	1	1	0	1	0	1	0	1	0	0
5162.155999999988	0.5722476243972778	0.7789593935012817	0.21877774596214294	0.9388638138771057	0.8772136569023132	0.9764813184738159	426.3685084748429	200.8503902147025	1	1	0	1	0	1	0	1	0	0
5196.1656000000075	0.5692086815834045	0.7815463542938232	0.21686629951000214	0.9418004751205444	0.8833425641059875	0.9850732684135437	424.7091550883749	191.86528523641582	1	1	0	1	0	1	0	1	0	0
5230.1587	0.5881384015083313	0.789692759513855	0.21671763062477112	0.9498051404953003	0.8781959414482117	0.9711471796035767	422.03568327168693	185.102279687985	1	1	0	1	0	1	0	1	0	0
5264.194099999993	0.5881384015083313	0.789692759513855	0.21671763062477112	0.9498051404953003	0.8781959414482117	0.9711471796035767	419.46904815914974	182.1789573490032	1	1	0	1	0	1	0	1	0	0
5298.173099999985	0.5881384015083313	0.789692759513855	0.21671763062477112	0.9498051404953003	0.8781959414482117	0.9711471796035767	411.77107364411864	180.15999582001228	1	1	0	1	0	1	0	1	0	0
5332.157199999987	0.5722419619560242	0.8045082092285156	0.2319507896900177	0.9313582181930542	0.8814345598220825	0.9718806743621826	401.229403361355	180.01217111208004	1	1	0	1	0	1	0	1	0	0
5366.16339999999	0.5746108293533325	0.7913529872894287	0.20740613341331482	0.9514099955558777	0.8743583559989929	0.9710515141487122	393.135343464798	178.71754530305685	1	1	0	1	0	1	0	1	0	0
5400.301299999992	0.5746108293533325	0.7913529872894287	0.20740613341331482	0.9514099955558777	0.8743583559989929	0.9710515141487122	391.251851755478	175.3083463644228	1	1	0	1	0	1	0	1	0	0
5434.149600000004	0.5746108293533325	0.7913529872894287	0.20740613341331482	0.9514099955558777	0.8743583559989929	0.9710515141487122	395.53366182510916	171.76986898653809	1	1	0	1	0	1	0	1	0	0
5468.087800000008	0.569547176361084	0.798685610294342	0.21416263282299042	0.9457692503929138	0.8824374079704285	0.9803780913352966	402.5393920384906	169.18675520853446	1	1	0	1	0	1	0	1	0	0
5502.165000000008	0.569547176361084	0.798685610294342	0.21416263282299042	0.9457692503929138	0.8824374079704285	0.9803780913352966	409.05706862561715	167.02384659189636	1	1	0	1	0	1	0	1	0	0
5536.0375999999815	0.5762303471565247	0.7971264123916626	0.2148369550704956	0.9473499655723572	0.8836250305175781	0.9737538695335388	412.92712580957686	165.3187935071033	1	1	0	1	0	1	0	1	0	0
5570.036599999992	0.5762303471565247	0.7971264123916626	0.2148369550704956	0.9473499655723572	0.8836250305175781	0.9737538695335388	412.4731346220268	164.97460226180038	1	1	0	1	0	1	0	1	0	0
5604.0320000000065	0.5943995118141174	0.7802866697311401	0.21332721412181854	0.958232045173645	0.8741992712020874	0.9669253826141357	408.1582164117459	166.68170367952376	1	1	0	1	0	1	0	1	0	0
5638.035799999983	0.5819724798202515	0.7935246229171753	0.21385666728019714	0.9421437382698059	0.8708049654960632	0.9710796475410461	400.0514414048558	172.33030580996194	1	1	0	1	0	1	0	1	0	0
5672.030100000004	0.5819724798202515	0.7935246229171753	0.21385666728019714	0.9421437382698059	0.8708049654960632	0.9710796475410461	391.92700226828026	179.10478531838595	1	1	0	1	0	1	0	1	0	0
5706.15399999998	0.5819724798202515	0.7935246229171753	0.21385666728019714	0.9421437382698059	0.8708049654960632	0.9710796475410461	388.350500754618	182.38140378275818	1	1	0	1	0	1	0	1	0	0
5740.039199999999	0.5926196575164795	0.7678922414779663	0.2066713273525238	0.9505994915962219	0.8571101427078247	0.953701376914978	389.16635224394275	182.66666703082285	1	1	0	1	0	1	0	1	0	0
5774.1772000000055	0.5926196575164795	0.7678922414779663	0.2066713273525238	0.9505994915962219	0.8571101427078247	0.953701376914978	391.76870106936985	184.82866089926387	1	1	0	1	0	1	0	1	0	0
5808.0495999999985	0.5769268274307251	0.7310638427734375	0.19171544909477234	0.9487594962120056	0.8572278022766113	0.9581130146980286	395.7195681142749	190.59408768174995	1	1	0	1	0	1	0	1	0	0
5842.175099999993	0.5725008249282837	0.7233453392982483	0.22184041142463684	0.9315218329429626	0.8625257611274719	0.9659461975097656	405.74280291399975	200.64418172363727	1	1	0	1	0	1	0	1	0	0
5877.1479999999865	0.5725008249282837	0.7233453392982483	0.22184041142463684	0.9315218329429626	0.8625257611274719	0.9659461975097656	419.9497208925517	213.12573517286134	1	1	0	1	0	1	0	1	0	0
5911.161399999983	0.5730145573616028	0.6704918146133423	0.20208480954170227	0.9339521527290344	0.8481307029724121	0.9532298445701599	432.8635771361899	225.6507990587189	1	1	0	1	0	1	0	1	0	0
5946.446899999981	0.5730145573616028	0.6704918146133423	0.20208480954170227	0.9339521527290344	0.8481307029724121	0.9532298445701599	443.5501571340141	238.62841255846624	1	1	0	1	0	1	0	1	0	0
5980.131699999998	0.5730145573616028	0.6704918146133423	0.20208480954170227	0.9339521527290344	0.8481307029724121	0.9532298445701599	454.5115006624744	254.66382632736247	1	1	0	1	0	1	0	1	0	0
6014.133799999981	0.562891960144043	0.6581472158432007	0.21008121967315674	0.9375132918357849	0.8489958047866821	0.9582192897796631	465.12511253849254	270.6119382668246	1	1	0	1	0	1	0	1	0	0
6048.226699999999	0.5543392896652222	0.6142444610595703	0.20095881819725037	0.9384546875953674	0.856531023979187	0.9662628173828125	476.0789441212472	283.67480641637076	1	1	0	1	0	1	0	1	0	0
6082.136200000008	0.5543392896652222	0.6142444610595703	0.20095881819725037	0.9384546875953674	0.856531023979187	0.9662628173828125	484.92386540910474	291.8523314816645	1	1	0	1	0	1	0	1	0	0
6117.333299999998	0.5413048267364502	0.5818979740142822	0.19844737648963928	0.9373672008514404	0.8534614443778992	0.957387387752533	506.66124488772704	309.4805099707838	1	1	0	1	0	1	0	1	0	0
6152.2119999999995	0.5413048267364502	0.5818979740142822	0.19844737648963928	0.9373672008514404	0.8534614443778992	0.957387387752533	519.0118690171658	318.7771741956317	1	1	0	1	0	1	0	1	0	0
6186.20239999998	0.5340852737426758	0.5833089351654053	0.19595587253570557	0.9452798366546631	0.8634456396102905	0.9638334512710571	538.5556609864522	332.67718612572315	1	1	0	1	0	1	0	1	0	0
6220.231999999989	0.5340852737426758	0.5833089351654053	0.19595587253570557	0.9452798366546631	0.8634456396102905	0.9638334512710571	556.0602234571363	343.5830886354435	1	1	0	1	0	1	0	1	0	0
6254.736499999999	0.5423551797866821	0.5547583103179932	0.19214022159576416	0.9409129619598389	0.8507003784179688	0.9568439722061157	569.4165227916817	350.20842144873916	1	1	0	1	0	1	0	1	0	0
6288.184899999993	0.5423551797866821	0.5547583103179932	0.19214022159576416	0.9409129619598389	0.8507003784179688	0.9568439722061157	578.1569649652755	356.76111625293254	1	1	0	1	0	1	0	1	0	0
6322.626199999999	0.545696496963501	0.5658557415008545	0.19976186752319336	0.943961501121521	0.8495283126831055	0.9578685760498047	581.6161846474417	361.71907293356725	1	1	0	1	0	1	0	1	0	0
6357.199699999997	0.545696496963501	0.5658557415008545	0.19976186752319336	0.943961501121521	0.8495283126831055	0.9578685760498047	583.1970465667771	370.20852953091776	1	1	0	1	0	1	0	1	0	0
6391.179199999984	0.543200671672821	0.5541403293609619	0.20081135630607605	0.9455897808074951	0.8532789349555969	0.9643715620040894	579.8863456871334	372.8553703345721	1	1	0	1	0	1	0	1	0	0
6427.696999999986	0.543200671672821	0.5541403293609619	0.20081135630607605	0.9455897808074951	0.8532789349555969	0.9643715620040894	576.0320413209178	373.6214498311614	1	1	0	1	0	1	0	1	0	0
6462.174399999989	0.5387659668922424	0.5382028818130493	0.19427409768104553	0.9457733631134033	0.8543299436569214	0.9681205153465271	574.741605661285	374.69330106596726	1	1	0	1	0	1	0	1	0	0
6496.684000000008	0.5268484950065613	0.5557518005371094	0.1979188323020935	0.9387562274932861	0.8409409523010254	0.9589662551879883	578.2171750015857	377.62648911343217	1	1	0	1	0	1	0	1	0	0
6531.0522000000055	0.5268484950065613	0.5557518005371094	0.1979188323020935	0.9387562274932861	0.8409409523010254	0.9589662551879883	585.7586816223634	380.10228034298757	1	1	0	1	0	1	0	1	0	0
6565.238699999987	0.513094425201416	0.5564561486244202	0.20900943875312805	0.9244613647460938	0.8426070213317871	0.9476622939109802	595.3385650239186	378.5563264934142	1	1	0	1	0	1	0	1	0	0
6600.154999999999	0.513094425201416	0.5564561486244202	0.20900943875312805	0.9244613647460938	0.8426070213317871	0.9476622939109802	604.8785068497373	373.77105306929224	1	1	0	1	0	1	0	1	0	0
6634.677899999981	0.513094425201416	0.5564561486244202	0.20900943875312805	0.9244613647460938	0.8426070213317871	0.9476622939109802	613.7045005162684	368.0587014967599	1	1	0	1	0	1	0	1	0	0
6669.1404999999795	0.48967212438583374	0.570210337638855	0.21514829993247986	0.9061237573623657	0.831717312335968	0.9440605044364929	618.8461707699859	364.54300635702236	1	1	0	1	0	1	0	1	0	0
6703.137799999997	0.48967212438583374	0.570210337638855	0.21514829993247986	0.9061237573623657	0.831717312335968	0.9440605044364929	628.0326366088611	358.14312100210816	1	1	0	1	0	1	0	1	0	0
6738.16829999999	0.4593241214752197	0.5490438938140869	0.1990622878074646	0.9117931127548218	0.8283501863479614	0.9469422698020935	641.6848788935079	350.06270635591227	1	1	0	1	0	1	0	1	0	0
6772.234700000001	0.433262437582016	0.5449861288070679	0.1698438823223114	0.9377638697624207	0.8212460279464722	0.9674205780029297	664.8069543891035	341.9742880199381	1	1	0	1	0	1	0	1	0	0
6807.338099999994	0.433262437582016	0.5449861288070679	0.1698438823223114	0.9377638697624207	0.8212460279464722	0.9674205780029297	696.8924348168237	333.9046995133814	1	1	0	1	0	1	0	1	0	0
6841.117599999998	0.41360098123550415	0.5664324164390564	0.1726626753807068	0.9272603988647461	0.8312016725540161	0.9732462763786316	734.5525681054431	324.43543741402914	1	1	0	1	0	1	0	1	0	0
6875.385099999985	0.41360098123550415	0.5664324164390564	0.1726626753807068	0.9272603988647461	0.8312016725540161	0.9732462763786316	769.2205292855374	313.3858022342362	1	1	0	1	0	1	0	1	0	0
6909.145499999984	0.37741267681121826	0.5595555901527405	0.1614835560321808	0.9230074286460876	0.8140503764152527	0.940581738948822	788.0455714683708	304.75994196381396	1	1	0	1	0	1	0	1	0	0
6943.060800000007	0.37741267681121826	0.5595555901527405	0.1614835560321808	0.9230074286460876	0.8140503764152527	0.940581738948822	812.3456840148278	290.75737371555863	1	1	0	1	0	1	0	1	0	0
6977.235499999981	0.34834519028663635	0.5742348432540894	0.14380326867103577	0.9334883093833923	0.8033458590507507	0.9580110311508179	837.1936674326143	276.82346568950044	1	1	0	1	0	1	0	1	0	0
7012.167300000001	0.34834519028663635	0.5742348432540894	0.14380326867103577	0.9334883093833923	0.8033458590507507	0.9580110311508179	854.4126073805132	267.82496090964855	1	1	0	1	0	1	0	1	0	0
7046.613099999988	0.3199819028377533	0.5715398788452148	0.14147594571113586	0.9168558120727539	0.7845380306243896	0.9395939111709595	892.0723273921685	247.47965207100583	1	1	0	1	0	1	0	1	0	0
7080.437000000005	0.3199819028377533	0.5715398788452148	0.14147594571113586	0.9168558120727539	0.7845380306243896	0.9395939111709595	920.7276007366271	232.13786748683518	1	1	0	1	0	1	0	1	0	0
7114.629400000005	0.29272568225860596	0.5914926528930664	0.11851465702056885	0.9346076250076294	0.7558407187461853	0.9210649728775024	951.2228413746643	217.23928143684037	1	1	0	1	0	1	0	1	0	0
7148.617399999988	0.29272568225860596	0.5914926528930664	0.11851465702056885	0.9346076250076294	0.7558407187461853	0.9210649728775024	973.3262957060107	205.7394403670049	1	1	0	1	0	1	0	1	0	0
7182.850299999991	0.2736305594444275	0.604924201965332	0.12501612305641174	0.930827260017395	0.7712658047676086	0.9380474090576172	1005.5432688467575	187.08926884281567	1	1	0	1	0	1	0	1	0	0
7216.854900000006	0.2736305594444275	0.604924201965332	0.12501612305641174	0.930827260017395	0.7712658047676086	0.9380474090576172	1031.7742231911197	169.58373199341685	1	1	0	1	0	1	0	1	0	0
7251.725799999986	0.2650113105773926	0.5968239307403564	0.11717639118432999	0.9374113082885742	0.7730159759521484	0.92442786693573	1050.3875319280046	154.7210877499346	1	1	0	1	0	1	0	1	0	0
7285.720000000001	0.2650113105773926	0.5968239307403564	0.11717639118432999	0.9374113082885742	0.7730159759521484	0.92442786693573	1062.2854714315363	144.38984626799487	1	1	0	1	0	1	0	1	0	0
7320.607699999993	0.26153528690338135	0.62214195728302	0.12291431427001953	0.9348105192184448	0.7665961980819702	0.9354526996612549	1072.3103771730584	137.5097171803926	1	1	0	1	0	1	0	1	0	0
7353.910100000008	0.26153528690338135	0.62214195728302	0.12291431427001953	0.9348105192184448	0.7665961980819702	0.9354526996612549	1075.212581692409	134.42666181677424	1	1	0	1	0	1	0	1	0	0
7387.993400000007	0.28519296646118164	0.6019896268844604	0.12244532257318497	0.9225547313690186	0.774082362651825	0.9349218010902405	1076.944532184301	128.96953862020285	1	1	0	1	0	1	0	1	0	0
7421.975399999996	0.28519296646118164	0.6019896268844604	0.12244532257318497	0.9225547313690186	0.774082362651825	0.9349218010902405	1073.2001589838221	127.38882315221727	1	1	0	1	0	1	0	1	0	0
7455.996899999998	0.3011782169342041	0.5994428396224976	0.1305563747882843	0.9166717529296875	0.7733691930770874	0.9217225313186646	1063.2711036620685	132.62392436770895	1	1	0	1	0	1	0	1	0	0
7490.112399999984	0.3011782169342041	0.5994428396224976	0.1305563747882843	0.9166717529296875	0.7733691930770874	0.9217225313186646	1048.0616520567019	143.03247905461242	1	1	0	1	0	1	0	1	0	0
7523.976699999999	0.314937949180603	0.6027271747589111	0.1495952606201172	0.890055775642395	0.7690517902374268	0.9255447387695312	1031.7931795178174	154.4574315438809	1	1	0	1	0	1	0	1	0	0
7558.032500000001	0.314937949180603	0.6027271747589111	0.1495952606201172	0.890055775642395	0.7690517902374268	0.9255447387695312	1011.2535996679502	167.34490416661004	1	1	0	1	0	1	0	1	0	0
7592.150699999998	0.3329133987426758	0.5891246795654297	0.15053406357765198	0.8989790678024292	0.7917598485946655	0.9260866641998291	1001.962003467132	172.3991660928535	1	1	0	1	0	1	0	1	0	0
7627.003800000006	0.3329133987426758	0.5891246795654297	0.15053406357765198	0.8989790678024292	0.7917598485946655	0.9260866641998291	982.8734453817677	183.285982828954	1	1	0	1	0	1	0	1	0	0
7660.983999999997	0.3506172299385071	0.5744510889053345	0.16489750146865845	0.8899068832397461	0.796541690826416	0.9283815622329712	968.1839662875173	193.1369701641779	1	1	0	1	0	1	0	1	0	0
7694.998900000006	0.3939564824104309	0.5815305709838867	0.17686358094215393	0.87800133228302	0.797919750213623	0.9291661977767944	952.4750067786226	205.7605437147126	1	1	0	1	0	1	0	1	0	0
7729.013699999981	0.3939564824104309	0.5815305709838867	0.17686358094215393	0.87800133228302	0.797919750213623	0.9291661977767944	940.0549135466671	215.43557003088216	1	1	0	1	0	1	0	1	0	0
7762.984899999981	0.3939564824104309	0.5815305709838867	0.17686358094215393	0.87800133228302	0.797919750213623	0.9291661977767944	913.8668081744285	231.33597896468788	1	1	0	1	0	1	0	1	0	0
7796.988799999992	0.437030166387558	0.5662472248077393	0.1805051863193512	0.8986165523529053	0.8149038553237915	0.9331648349761963	881.2536056092727	247.2415035903866	1	1	0	1	0	1	0	1	0	0
7831.071499999991	0.4760320782661438	0.5510338544845581	0.18286311626434326	0.9019116163253784	0.8221067190170288	0.9462664723396301	842.6154784068311	264.92054274114565	1	1	0	1	0	1	0	1	0	0
7865.995800000004	0.4760320782661438	0.5510338544845581	0.18286311626434326	0.9019116163253784	0.8221067190170288	0.9462664723396301	801.2616588212431	284.9671787165456	1	1	0	1	0	1	0	1	0	0
7900.059899999993	0.5049596428871155	0.5528601408004761	0.1920921802520752	0.907781720161438	0.823407769203186	0.934061586856842	760.5422756519546	307.0274804394502	1	1	0	1	0	1	0	1	0	0
7933.991699999984	0.5049596428871155	0.5528601408004761	0.1920921802520752	0.907781720161438	0.823407769203186	0.934061586856842	724.2119061535054	327.53276909097957	1	1	0	1	0	1	0	1	0	0
7968.461500000005	0.5049596428871155	0.5528601408004761	0.1920921802520752	0.907781720161438	0.823407769203186	0.934061586856842	691.9334947521099	344.30893233977145	1	1	0	1	0	1	0	1	0	0
8003.215200000006	0.521859884262085	0.5609053373336792	0.1943201720714569	0.906973123550415	0.8279823064804077	0.9548894166946411	666.4117593710477	355.55643845484303	1	1	0	1	0	1	0	1	0	0
8037.098700000002	0.5541570782661438	0.5567634105682373	0.21043848991394043	0.9012423753738403	0.8244556188583374	0.9444628953933716	645.8412359050023	361.7756847585879	1	1	0	1	0	1	0	1	0	0
8071.212399999989	0.5541570782661438	0.5567634105682373	0.21043848991394043	0.9012423753738403	0.8244556188583374	0.9444628953933716	631.6627311626169	365.309892811181	1	1	0	1	0	1	0	1	0	0
8106.292300000001	0.5541570782661438	0.5567634105682373	0.21043848991394043	0.9012423753738403	0.8244556188583374	0.9444628953933716	607.4379847982389	372.2573843107476	1	1	0	1	0	1	0	1	0	0
8141.196399999986	0.5833916664123535	0.586110532283783	0.2055063545703888	0.909982442855835	0.8289117813110352	0.9555765390396118	582.3510097500236	379.6618256006243	1	1	0	1	0	1	0	1	0	0
8175.271999999997	0.5983970165252686	0.577558159828186	0.20074251294136047	0.912250280380249	0.8403732180595398	0.9629407525062561	554.8435704698579	383.90443257208085	1	1	0	1	0	1	0	1	0	0
8209.194099999993	0.5983970165252686	0.577558159828186	0.20074251294136047	0.912250280380249	0.8403732180595398	0.9629407525062561	527.2453360403274	385.49372614059564	1	1	0	1	0	1	0	1	0	0
8243.202300000004	0.5983970165252686	0.577558159828186	0.20074251294136047	0.912250280380249	0.8403732180595398	0.9629407525062561	503.262398242201	387.5135310666976	1	1	0	1	0	1	0	1	0	0
8277.196800000005	0.6215293407440186	0.5775022506713867	0.20834460854530334	0.9188969135284424	0.8377341032028198	0.960116446018219	485.2250660576398	390.7953687658021	1	1	0	1	0	1	0	1	0	0
8311.198600000003	0.6215293407440186	0.5775022506713867	0.20834460854530334	0.9188969135284424	0.8377341032028198	0.960116446018219	469.2992182348271	396.05736489909526	1	1	0	1	0	1	0	1	0	0
8345.231100000005	0.6137628555297852	0.5763741731643677	0.2051551342010498	0.9169043302536011	0.8374006152153015	0.9597810506820679	455.1649643812484	402.0653371913285	1	1	0	1	0	1	0	1	0	0
8380.19769999999	0.6137628555297852	0.5763741731643677	0.2051551342010498	0.9169043302536011	0.8374006152153015	0.9597810506820679	445.84850790027235	406.7094770870729	1	1	0	1	0	1	0	1	0	0
8414.75079999998	0.6108440160751343	0.5669752359390259	0.20072340965270996	0.9250562191009521	0.8364758491516113	0.9654737114906311	443.5643433000513	408.7906295211187	1	1	0	1	0	1	0	1	0	0
8449.460399999982	0.6108440160751343	0.5669752359390259	0.20072340965270996	0.9250562191009521	0.8364758491516113	0.9654737114906311	447.70828772033235	409.1198112501638	1	1	0	1	0	1	0	1	0	0
8483.489700000006	0.6064139604568481	0.5741404294967651	0.19965201616287231	0.9133962392807007	0.8334341049194336	0.946945309638977	455.41376773816586	408.84392430124717	1	1	0	1	0	1	0	1	0	0
8517.469899999996	0.6064139604568481	0.5741404294967651	0.19965201616287231	0.9133962392807007	0.8334341049194336	0.946945309638977	463.04680861870514	407.9575212095423	1	1	0	1	0	1	0	1	0	0
8551.590599999996	0.5741913914680481	0.5545579195022583	0.20651400089263916	0.9057598114013672	0.825925350189209	0.9443382024765015	467.02711554432324	407.00138789652044	1	1	0	1	0	1	0	1	0	0
8585.511899999983	0.5741913914680481	0.5545579195022583	0.20651400089263916	0.9057598114013672	0.825925350189209	0.9443382024765015	474.99010471889477	405.441341955495	1	1	0	1	0	1	0	1	0	0
8619.508100000006	0.5676892399787903	0.5590291619300842	0.21199902892112732	0.906183123588562	0.8286754488945007	0.9496856927871704	490.1271397605149	404.13682220684143	1	1	0	1	0	1	0	1	0	0
8653.5441	0.5676892399787903	0.5590291619300842	0.21199902892112732	0.906183123588562	0.8286754488945007	0.9496856927871704	508.95585581908966	402.5153931631605	1	1	0	1	0	1	0	1	0	0
8688.521099999984	0.5537430047988892	0.5501068830490112	0.2001696527004242	0.9128426313400269	0.8290461301803589	0.9621650576591492	526.8270611212915	400.14701749878054	1	1	0	1	0	1	0	1	0	0
8722.528399999981	0.5537430047988892	0.5501068830490112	0.2001696527004242	0.9128426313400269	0.8290461301803589	0.9621650576591492	544.0801824314042	397.0922407451907	1	1	0	1	0	1	0	1	0	0
8756.566599999991	0.5537430047988892	0.5501068830490112	0.2001696527004242	0.9128426313400269	0.8290461301803589	0.9621650576591492	559.0778495874608	394.0896949359898	1	1	0	1	0	1	0	1	0	0
8790.579399999988	0.5223202109336853	0.5577977895736694	0.2036219835281372	0.907348096370697	0.8309513330459595	0.9454671740531921	570.8670447292677	391.1054937730752	1	1	0	1	0	1	0	1	0	0
8824.584000000003	0.5223202109336853	0.5577977895736694	0.2036219835281372	0.907348096370697	0.8309513330459595	0.9454671740531921	583.7721426266135	385.70731466658873	1	1	0	1	0	1	0	1	0	0
8858.575799999991	0.5029221773147583	0.5435978174209595	0.19933971762657166	0.9113544225692749	0.8413711786270142	0.9486530423164368	597.8155661088631	378.571573818591	1	1	0	1	0	1	0	1	0	0
8892.58289999998	0.5029221773147583	0.5435978174209595	0.19933971762657166	0.9113544225692749	0.8413711786270142	0.9486530423164368	613.7275037894525	372.26137924048135	1	1	0	1	0	1	0	1	0	0
8926.60189999998	0.47681790590286255	0.5572830438613892	0.20185363292694092	0.8990551233291626	0.8298722505569458	0.9580428600311279	632.0197986825476	367.39252924911284	1	1	0	1	0	1	0	1	0	0
8960.573700000008	0.47681790590286255	0.5572830438613892	0.20185363292694092	0.8990551233291626	0.8298722505569458	0.9580428600311279	661.0292392691404	357.9000653492543	1	1	0	1	0	1	0	1	0	0
8994.576000000001	0.4632740914821625	0.5563678741455078	0.18574053049087524	0.9000046253204346	0.8107574582099915	0.955957293510437	681.9595251718631	349.0386458009747	1	1	0	1	0	1	0	1	0	0
9028.602699999989	0.46004095673561096	0.5583494901657104	0.19380837678909302	0.8986111879348755	0.8134238123893738	0.9404157996177673	701.93216174138	339.68041194654177	1	1	0	1	0	1	0	1	0	0
9063.6103	0.46004095673561096	0.5583494901657104	0.19380837678909302	0.8986111879348755	0.8134238123893738	0.9404157996177673	718.738905330466	331.4753331388714	1	1	0	1	0	1	0	1	0	0
9097.775399999984	0.4465457499027252	0.5605881214141846	0.1910647451877594	0.8919535875320435	0.8149415254592896	0.9538249373435974	729.6161522706562	325.81078960598603	1	1	0	1	0	1	0	1	0	0
9131.606700000004	0.4465457499027252	0.5605881214141846	0.1910647451877594	0.8919535875320435	0.8149415254592896	0.9538249373435974	736.1887177818778	322.2407200565416	1	1	0	1	0	1	0	1	0	0
9165.78939999998	0.4516274929046631	0.5573396682739258	0.18288502097129822	0.9094887971878052	0.8148566484451294	0.9486197829246521	742.358195656981	319.24572431708464	1	1	0	1	0	1	0	1	0	0
9200.766399999993	0.4516274929046631	0.5573396682739258	0.18288502097129822	0.9094887971878052	0.8148566484451294	0.9486197829246521	746.271703929804	317.50080537365216	1	1	0	1	0	1	0	1	0	0
9235.747700000007	0.4656393527984619	0.55488121509552	0.18726789951324463	0.90016770362854	0.8158518075942993	0.9425480365753174	751.2037126496135	315.3515705693987	1	1	0	1	0	1	0	1	0	0
9269.839399999997	0.4656393527984619	0.55488121509552	0.18726789951324463	0.90016770362854	0.8158518075942993	0.9425480365753174	750.604932874417	315.8054611493105	1	1	0	1	0	1	0	1	0	0
9303.949300000007	0.4656393527984619	0.55488121509552	0.18726789951324463	0.90016770362854	0.8158518075942993	0.9425480365753174	744.9393813145184	319.0399992182282	1	1	0	1	0	1	0	1	0	0
9337.918600000005	0.4694347381591797	0.5579381585121155	0.18861326575279236	0.9005482196807861	0.8156410455703735	0.9468004703521729	736.315062072701	323.712460812506	1	1	0	1	0	1	0	1	0	0
9372.09169999999	0.4694347381591797	0.5579381585121155	0.18861326575279236	0.9005482196807861	0.8156410455703735	0.9468004703521729	727.5138162072908	327.74873409826506	1	1	0	1	0	1	0	1	0	0
9407.396099999984	0.4724191725254059	0.5584232807159424	0.1893661618232727	0.9023759365081787	0.8180946111679077	0.9521387815475464	720.522979488348	330.1669381647216	1	1	0	1	0	1	0	1	0	0
9441.574599999993	0.47766223549842834	0.5584306716918945	0.1792992353439331	0.9083143472671509	0.8145607113838196	0.9457898736000061	715.6519372861178	331.1597185841391	1	1	0	1	0	1	0	1	0	0
9475.883199999982	0.47766223549842834	0.5584306716918945	0.1792992353439331	0.9083143472671509	0.8145607113838196	0.9457898736000061	712.4501363083904	331.2832283881263	1	1	0	1	0	1	0	1	0	0
9510.2028	0.4734974503517151	0.562869668006897	0.18545979261398315	0.9002325534820557	0.8165623545646667	0.9551597237586975	710.2480067101533	331.00279697288215	1	1	0	1	0	1	0	1	0	0
9545.184299999994	0.4734974503517151	0.562869668006897	0.18545979261398315	0.9002325534820557	0.8165623545646667	0.9551597237586975	709.2009472758748	330.1900804508181	1	1	0	1	0	1	0	1	0	0
9579.081199999986	0.4718931317329407	0.5628670454025269	0.18418452143669128	0.9083734750747681	0.8220645189285278	0.9545089602470398	709.3156032901886	328.8548954972881	1	1	0	1	0	1	0	1	0	0
9613.171399999992	0.4718931317329407	0.5628670454025269	0.18418452143669128	0.9083734750747681	0.8220645189285278	0.9545089602470398	710.114841060664	327.27326840394346	1	1	0	1	0	1	0	1	0	0
9647.044800000003	0.4711931645870209	0.5456178188323975	0.1715456247329712	0.9156321287155151	0.8226686716079712	0.9541860222816467	711.0850941801916	325.79927721614297	1	1	0	1	0	1	0	1	0	0
9681.337299999985	0.4711931645870209	0.5456178188323975	0.1715456247329712	0.9156321287155151	0.8226686716079712	0.9541860222816467	712.0524909845965	325.42704462818705	1	1	0	1	0	1	0	1	0	0
9715.285399999993	0.4711931645870209	0.5456178188323975	0.1715456247329712	0.9156321287155151	0.8226686716079712	0.9541860222816467	715.09559751781	326.99190253638676	1	1	0	1	0	1	0	1	0	0
9748.619799999986	0.46911510825157166	0.55720055103302	0.172622412443161	0.9095410108566284	0.8152130246162415	0.9443302154541016	719.3745986176577	330.3107530306529	1	1	0	1	0	1	0	1	0	0
9783.10519999999	0.46911510825157166	0.55720055103302	0.172622412443161	0.9095410108566284	0.8152130246162415	0.9443302154541016	723.2299328118763	332.48192834658164	1	1	0	1	0	1	0	1	0	0
9817.122100000008	0.4520834982395172	0.5555635094642639	0.18555042147636414	0.8980306386947632	0.8118630647659302	0.9487794637680054	725.6611442141839	331.98973326711575	1	1	0	1	0	1	0	1	0	0
9851.103600000002	0.4520834982395172	0.5555635094642639	0.18555042147636414	0.8980306386947632	0.8118630647659302	0.9487794637680054	728.4358551716869	329.3823295818902	1	1	0	1	0	1	0	1	0	0
9885.099300000002	0.4536000192165375	0.5500203371047974	0.18051090836524963	0.8958211541175842	0.8055235147476196	0.9412397146224976	734.2256010861288	325.6512868797961	1	1	0	1	0	1	0	1	0	0
9919.1066	0.4536000192165375	0.5500203371047974	0.18051090836524963	0.8958211541175842	0.8055235147476196	0.9412397146224976	741.7256175693931	322.5837078032016	1	1	0	1	0	1	0	1	0	0
9953.097899999993	0.4536000192165375	0.5500203371047974	0.18051090836524963	0.8958211541175842	0.8055235147476196	0.9412397146224976	748.7291116038272	321.5193838481482	1	1	0	1	0	1	0	1	0	0
9987.100999999995	0.4434743821620941	0.5541574954986572	0.163432776927948	0.9095524549484253	0.8236991763114929	0.9752606153488159	754.3069833870667	321.645389892863	1	1	0	1	0	1	0	1	0	0
10021.103199999983	0.44262751936912537	0.5446456670761108	0.1577354073524475	0.9162899255752563	0.8106609582901001	0.9595416784286499	760.5875532087314	320.3491619459424	1	1	0	1	0	1	0	1	0	0
10055.102199999994	0.44262751936912537	0.5446456670761108	0.1577354073524475	0.9162899255752563	0.8106609582901001	0.9595416784286499	768.4455863002192	317.8353319547854	1	1	0	1	0	1	0	1	0	0
10089.100600000005	0.43801695108413696	0.5415405035018921	0.1613568663597107	0.9096661806106567	0.7979797720909119	0.9393761157989502	776.8708586520223	315.6201602818329	1	1	0	1	0	1	0	1	0	0
10123.142699999997	0.43800443410873413	0.5471330285072327	0.16494160890579224	0.9007104635238647	0.7941305637359619	0.9403543472290039	784.849626784396	314.46435074553995	1	1	0	1	0	1	0	1	0	0
10157.136100000003	0.43800443410873413	0.5471330285072327	0.16494160890579224	0.9007104635238647	0.7941305637359619	0.9403543472290039	790.9110447406083	313.9302750078803	1	1	0	1	0	1	0	1	0	0
